5.4e-05 0.001438 1.8e-05
YES
1.4e-05 0.000892 1.1e-05
YES
2.6e-05 0.001018 1.4e-05
YES
1.9e-05 0.001267 1.5e-05
YES
2.1e-05 0.001921 2.8e-05
YES
2.5e-05 0.001432 2.9e-05
YES
3.6e-05 0.001363 5.6e-05
YES
8.2e-05 0.001191 5.7e-05
YES
9.9e-05 0.000843 0.000158
YES
0.000171 0.000934 0.000189
YES
0.000287 0.001937 0.000592
YES
0.000555 0.003141 0.000938
YES
0.001153 0.003534 0.00205
YES
0.003427 0.005239 0.00332
YES
0.004303 0.008388 0.006272
YES
0.008933 0.016647 0.013253
YES
0.019382 0.069602 0.023592
YES
0.034128 0.08089 0.052517
YES
0.079374 0.156017 0.111681
YES
0.074225 0.230435 0.133498
YES
0.168657 0.22435 0.202808
YES
